464317
464313
463380
462843
462840
462841
462845
462835
462837
462839
462842
462838
462834
462836
461886
461878
461898
461892
461899
461880
461900
461876
461137
461140
461138
461134
461132
461142
461139
457798
457797
457799
451120
451121
449991
449838
449839
448713
448727
448731
448711
448722
448725
448730
448728
448729
448724
448720
448719
448714
448726
448718
448717
448709
448716
448710
429744
429726
429729
429740
429845
429773
429864
429850
429689
429860
429620
429734
429856
429858
429381
429572
429771
429765
429741
429510
429821
429738
429782
429824
429859
429649
429817
429766
429657
429830
429857
429794
429788
429367
429610
429783
429833
429863
429768
429827
429781
429818
429861
429866
429828
429867
429595
429382
429785
429849
429844
429816
429790
429385
429730
429777
429840
429832
429848
429823
429854
429793
429764
429802
429831
429865
429855
429812
429839
429846
429853
429843
429778
429798
429851
429852
429847
429804
429836
429807
429800
429674
429820
429774
429837
429838
429842
429805
429815
429841
429835
429813
429825
429796
429834
429662
429810
429829
429791
429632
429792
429822
429795
429705
429808
429814
429819
429799
429721
429444
429811
429809
429786
429693
429797
429533
429752
429772
429757
429770
429789
429806
429784
429803
429682
429353
429724
429760
429532
429399
429763
429739
429758
429746
429719
429787
429779
429750
429762
429732
429780
429660
429671
429776
429769
429761
429775
429697
429603
429767
429754
429505
429687
429690
429652
429737
429748
429728
429751
429745
429429
429759
429684
429753
429747
429755
429493
429756
429706
429749
429686
429707
429743
429551
429499
429678
429665
429712
429696
429742
429718
429694
429701
429735
429623
429676
429555
429722
429713
429736
429733
429715
429380
429727
429654
429670
429731
429716
429725
429685
429699
429723
429634
429714
429695
429708
429717
429720
429672
429709
429508
429659
429710
429703
429560
429571
429698
429711
429702
429506
429704
429700
429664
429663
429681
429667
429624
429677
429673
429470
429691
429655
429688
429651
429601
429590
429656
429666
429641
429640
429675
429683
429680
429582
429658
429679
429636
429643
429567
429647
429661
429476
429614
429635
429642
429669
429668
429615
429650
429573
429592
429653
429465
429633
429648
429557
429629
429646
429645
429637
429639
429456
429631
429599
429644
429579
429630
429619
429638
429552
429588
429627
429541
429565
429616
429607
429474
429432
429598
429609
429621
429628
429549
429370
429408
429625
429626
429412
429605
429460
429622
429608
429613
429606
429422
429618
429593
429617
429600
429591
429563
429539
429612
429611
429585
429596
429492
429602
429559
429475
429525
429577
429556
429597
429517
429587
429583
429594
429461
429589
429586
429584
429575
429580
429523
429527
429581
429561
429469
429558
429578
429487
429569
429562
429574
429501
429566
429546
429568
429528
429570
429554
429537
429564
429520
429553
429535
429547
429447
429538
429418
429526
429550
429441
429519
429536
429534
429420
429428
429436
429543
429545
429548
429544
429503
429542
429439
429540
429524
429498
429504
429529
429513
429531
429421
429494
429496
429453
429430
429497
429509
429440
429530
429516
429478
429511
429518
429515
429522
429500
429484
429521
429426
429514
429483
429443
429512
429467
429502
429480
429507
429473
429466
429472
429490
429471
429463
429495
429390
429459
429437
429446
429485
429489
429488
429491
429392
429462
429416
429482
429486
429479
429410
429448
429481
429402
429434
429445
429464
429409
429477
429458
429403
429405
429457
429468
429425
429395
429411
429435
429455
429407
429433
429450
429449
429442
429404
429451
429454
429414
429413
429423
429427
429415
429431
429438
429424
429389
429397
429417
429400
429419
429383
429359
429406
429388
429363
429379
429368
429401
429398
429391
429387
429393
429396
429376
429386
429375
429365
429358
429384
429362
429394
429369
429372
429377
429374
429378
429371
429366
429373
429355
429361
429364
429360
429356
429354
429357
428752
418528
418522
418525
418529
418523
418517
418526
418452
418454
418445
418451
418450
418449
418446
418448
418455
414749
414743
414744
414741
414752
414742
414755
414750
414747
414754
414745
414751
414753
405122
405118
405123
405119
405115
405111
405121
405127
405126
405113
405110
405112
404796
404851
404774
404828
404574
404675
404725
404872
404873
404719
404807
404773
404793
404756
404861
404854
404867
404853
404864
404795
404802
404761
404323
404869
404837
404850
404865
404830
404783
404804
404791
404868
404821
404743
404841
404764
404741
404786
404874
404860
404823
404836
404835
404863
404871
404838
404784
404825
404723
404755
404779
404870
404760
404843
404829
404847
404721
404757
404724
404820
404834
404787
404550
404768
404819
404811
404788
404680
404780
404665
404718
404831
404737
404485
404859
404856
404862
404848
404866
404852
404857
404855
404771
404667
404508
404840
404846
404833
404832
404849
404827
404698
404824
404845
404551
404822
404608
404798
404826
404801
404769
404813
404715
404685
404810
404628
404815
404816
404459
404759
404812
404739
404818
404814
404621
404772
404747
404676
404799
404797
404800
404678
404792
404805
404809
404781
404785
404666
404806
404641
404808
404789
404438
404744
404775
404803
404765
404790
404766
404736
404778
404745
404758
404782
404794
404777
404735
404776
404588
404639
404738
404712
404672
404767
404617
404659
404770
404749
404750
404682
404695
404722
404753
404732
404690
404692
404762
404547
404597
404740
404612
404751
404763
404498
404752
404733
404748
404746
404727
404658
404679
404371
404713
404702
404589
404647
404709
404706
404720
404726
404728
404599
404704
404730
404734
404687
404742
404708
404705
404674
404701
404716
404596
404717
404585
404607
404689
404602
404534
404587
404729
404731
404669
404714
404638
404699
404703
404700
404697
404688
404677
404557
404710
404664
404711
404613
404502
404693
404590
404652
404696
404640
404663
404649
404646
404513
404694
404670
404691
404548
404673
404684
404653
404645
404686
404668
404630
404683
404421
404578
404516
404661
404379
404660
404633
404671
404622
404220
404583
404637
404592
404562
404662
404650
404560
404626
404582
404600
404620
404564
404655
404523
404654
404631
404618
404648
404542
404642
404499
404595
404611
404546
404643
404577
404603
404632
404570
404615
404634
404635
404601
404610
404636
404465
404629
404576
404623
404581
404614
404408
404579
404591
404458
404544
404598
404627
404609
404625
404619
404616
404568
404604
404552
404606
404266
404520
404545
404605
404593
404470
404580
404487
404543
404594
404586
404541
404532
404584
404567
404526
404554
404536
404572
404373
404556
404411
404573
404505
404530
404511
404533
404474
404561
404558
404553
404397
404549
404537
404507
404330
404535
404538
404471
404515
404446
404522
404493
404395
404492
404417
404377
404469
404440
404503
404488
404509
404479
404342
404466
404461
404506
404495
404473
404486
404425
404482
404442
404437
404475
404467
404453
404386
404448
404451
404360
404420
404464
404431
404336
404441
404457
404447
404449
404455
404401
404454
404434
404423
404427
404345
404311
404394
404410
404428
404396
404406
404393
404374
404432
404429
404409
404405
404278
404338
404350
404372
404320
404382
404358
404403
404388
404404
404355
404399
404389
404392
404294
404368
404299
404293
404324
404354
404384
404363
404351
404378
404282
404331
404376
404318
404381
404361
404325
404298
404340
404347
404328
404277
404334
404339
404321
404306
404359
404352
404327
404307
404319
404313
404316
404346
404322
404283
404333
404273
404317
404332
404309
404292
404296
404288
404280
404221
404243
404310
404269
404244
404308
404287
404263
404304
404291
404286
404267
404268
404257
404295
404232
404261
404276
404256
404242
404279
404260
404234
404265
404262
404255
404259
404248
404251
404247
404239
404235
404236
404226
404228
404227
404225
404223
404061
404063
404057
404060
404023
404024
401427
400028
400017
400016
400023
400026
400022
400020
400025
400021
400018
400024
400030
398356
398535
398289
398500
398471
398068
398507
398510
398470
398427
398445
398541
398364
398405
398508
398181
398486
398570
398539
398149
398533
398384
398341
398559
398375
398538
398492
398558
398542
398572
398263
398157
398520
398519
398545
398531
398566
398565
398466
398561
398474
398567
398464
398423
398433
398193
398517
398461
398511
398438
398336
398568
398573
398557
398537
398480
398399
398216
398493
398563
398136
398546
398571
398569
398524
398556
398268
398551
398562
398521
398503
398459
398564
398574
398560
398536
398522
398300
398408
398534
398350
398552
398544
398555
398549
398553
398527
398406
398479
398532
398530
398548
398554
398439
398543
398523
398498
398547
398528
398550
398540
398487
398140
398477
398401
398424
398518
398525
398529
398203
398512
398485
398481
398514
398430
398421
398513
398446
398451
398526
398497
398506
398501
398411
398475
398483
398509
398515
398449
398436
398504
398505
398254
398499
398468
398494
398473
398322
398332
398488
398490
398465
398502
398417
398418
398469
398247
398462
398484
398495
398434
398496
398407
398366
398404
398489
398491
398463
398478
398388
398482
398409
398467
398383
398476
398458
398347
398456
398345
398453
398472
398348
398392
398394
398442
398457
398447
398337
398455
398437
398385
398441
398454
398429
398448
398444
398372
398460
398246
398398
398452
398431
398320
398450
398440
398333
398420
398328
398310
398377
398419
398415
398443
398413
398428
398432
398435
398062
398414
398264
398390
398425
398361
398367
398292
398389
398426
398358
398410
398422
398395
398416
398318
398397
398400
398353
398371
398234
398396
398373
398382
398402
398359
398271
398299
398339
398354
398381
398391
398315
398403
398365
398338
398357
398307
398349
398380
398308
398378
398251
398351
398374
398393
398306
398360
398387
398370
398311
398386
398376
398346
398303
398343
398379
398368
398369
398228
398363
398323
398314
398330
398362
398352
398342
398331
398334
398302
398316
398321
398335
398276
398355
398279
398340
398324
398132
398297
398242
398304
398327
398344
398326
398285
398211
398274
398284
398325
398260
398257
398329
398294
398277
398265
398244
398287
398293
398295
398206
398272
398267
398258
398313
398312
398283
398301
398317
398281
398198
398309
398280
398298
398282
398169
398252
398305
398239
398273
398291
398099
398275
398296
398286
398290
398288
398214
398259
398249
398261
398232
398098
398256
398219
398230
398278
398266
398183
398262
398255
398182
398253
398269
398240
398221
398243
398229
398248
398270
398236
398238
398126
398245
398233
398217
398237
398175
398250
398190
398225
398093
398222
398184
398235
398224
398218
398152
398129
398164
398241
398226
398215
398187
398188
398227
398223
398197
398171
398231
398205
398196
398162
398220
398213
398209
398200
398207
398210
398156
398201
398191
398208
398212
398186
398173
398202
398199
398192
398137
398204
398179
398110
398117
398176
398153
398168
398166
398180
398177
398194
398195
398112
398185
398170
398167
398124
398150
398189
398125
398174
398134
398158
398097
398172
398160
398128
398104
398178
398056
398165
398144
398141
398148
398163
398119
398161
398067
398092
398145
398123
398111
398155
398108
398131
398142
398127
398154
398151
398084
398133
398146
398089
398121
398107
398138
398143
398135
398105
398116
398103
398113
398120
398087
398109
398115
398082
398079
398077
398114
398122
398063
398073
398088
398106
397864
398118
398095
398096
397703
398102
398101
398090
398071
398081
398094
398083
398066
398080
398100
398085
397839
398091
398069
398055
398072
398065
398070
397671
398060
398061
398064
398054
398059
398057
398058
397566
397738
397678
397869
397808
397854
397879
397860
397775
397752
397811
397888
397758
397848
397874
397889
397887
397865
397866
397807
397875
397754
397715
397809
397802
397853
397880
397858
397878
397877
397840
397819
397876
397824
397817
397822
397872
397856
397843
397883
397859
397813
397882
397830
397755
397825
397886
397798
397867
397799
397847
397862
397761
397873
397871
397852
397863
397849
397818
397552
397870
397851
397855
397868
397785
397803
397685
397782
397846
397857
397823
397844
397768
397845
397777
397861
397842
397838
397850
397776
397837
397815
397841
397676
397826
397694
397812
397578
397742
397832
397794
397806
397714
397821
397816
397814
397795
397800
397820
397737
397778
397780
397801
397787
397792
397731
397791
397769
397810
397783
397689
397712
397720
397724
397746
397781
397797
397658
397793
397704
397748
397796
397682
397789
397772
397743
397790
397788
397786
397779
397784
397770
397726
397686
397710
397729
397688
397774
397750
397766
397735
397771
397751
397773
397757
397753
397756
397749
397760
397641
397759
397650
397733
397681
397654
397747
397711
397723
397674
397736
397697
397524
397741
397568
397734
397590
397608
397745
397564
397744
397721
397640
397639
397727
397633
397732
397442
397679
397698
397647
397701
397740
397739
397696
397663
397450
397532
397561
397705
397719
397653
397725
397512
397728
397588
397677
397592
397730
397675
397543
397713
397644
397691
397718
397722
397699
397706
397709
397693
397632
397447
397687
397717
397383
397716
397683
397684
397629
397667
397692
397465
397668
397648
397619
397563
397662
397666
397695
397385
397565
397636
397471
397576
397700
397702
397656
397620
397690
397642
397673
397536
397623
397612
397434
397526
397630
397680
397510
397659
397670
397409
397649
397631
397660
397509
397672
397582
397596
397593
397611
397643
397560
397669
397599
397598
397661
397439
397634
397569
397651
397479
397655
397545
397551
397657
397600
397476
397638
397635
397507
397621
397646
397652
397624
397609
397572
397637
397591
397570
397607
397530
397603
397548
397455
397574
397513
397413
397605
397525
397614
397625
397493
397613
397482
397610
397618
397520
397546
397567
397622
397617
397615
397580
397606
397601
397616
397604
397440
397549
397360
397585
397540
397587
397594
397581
397589
397541
397553
397595
397597
397441
397602
397573
397562
397359
397558
397519
397539
397571
397575
397542
397584
397586
397420
397460
397579
397583
397379
397555
397556
397559
397464
397397
397577
397468
397498
397534
397557
397381
397528
397467
397547
397404
397538
397533
397535
397475
397407
397511
397398
397500
397486
397400
397550
397452
397531
397527
397492
397391
397523
397529
397372
397472
397426
397544
397537
397521
397506
397499
397517
397518
397502
397437
397353
397505
397438
397522
397515
397448
397501
397508
397461
397491
397516
397514
397495
397504
397354
397459
397376
397496
397416
397446
397443
397473
397484
397417
397414
397485
397469
397470
397503
397488
397497
397490
397466
397489
397494
397424
397432
397458
397411
397378
397421
397456
397389
397392
397449
397431
397480
397483
397454
397478
397435
397477
397386
397474
397415
397387
397463
397453
397462
397422
397451
397352
397429
397358
397444
397369
397401
397433
397418
397388
397457
397436
397382
397445
397361
397351
397373
397419
397384
397430
397405
397403
397394
397425
397427
397428
397395
397423
397402
397393
397350
397408
397412
397410
397406
397375
397377
397380
397356
397370
397390
397364
397363
397362
397371
397374
397357
397368
397366
397367
397365
397355
396525
396526
396504
396516
396505
396514
396520
396513
396507
396510
396512
396509
396039
396063
396062
396050
396065
396038
396047
396048
396041
396042
396051
396055
395721
395730
395724
395431
395717
395690
395523
395723
395686
395734
395707
395367
395728
395738
395740
395735
395729
395722
395685
395709
395682
395726
395384
395701
395703
395668
395697
395706
395699
395700
395277
395693
395418
395683
395651
395631
395650
395688
395684
395687
394934
395649
395623
395574
395643
395620
395624
395636
395647
395639
395595
395605
395621
395618
395588
395628
395610
395619
395590
395622
395625
395627
395599
395603
395602
395581
395585
395566
395593
395607
395487
395514
395567
395592
395583
395584
395527
395571
394967
395532
395565
395569
395570
395456
395568
395500
395562
395540
395564
395544
395475
395479
394960
395537
395534
395528
395516
395521
395383
395518
395520
395477
394990
395522
395491
395492
395512
395525
395493
395515
395511
395476
395440
395414
395481
395489
395438
395483
395464
395346
395480
395407
395360
395434
395474
395374
395437
395444
395448
395403
395363
395452
395449
395429
395427
395447
395408
395439
395355
395421
395381
395436
395441
395238
395348
395435
395417
395347
395366
395404
395378
395343
395279
395365
395318
395284
395191
395203
395371
395240
395375
395326
395351
395350
395245
395344
395291
395309
395201
395228
395341
395331
395163
395310
395233
395316
395107
395340
395280
395345
395161
395134
395241
395118
395317
395332
395321
395301
395265
395306
395226
395249
395307
395147
395288
395244
395222
395311
395250
395248
395270
395223
395213
395243
395076
394972
395303
395252
395236
395166
395293
395276
395218
395253
395287
395268
395281
395254
395049
395159
395205
395251
395256
395229
395242
395164
395196
395162
395000
395110
395237
395160
395246
395017
395247
395227
395072
395198
395239
395125
395210
395153
395149
395112
395188
395215
395071
395140
395136
395103
395214
395165
395106
395093
395195
395194
395189
395143
395152
395090
395200
395120
395190
395038
395157
395167
395155
395111
395024
395154
395104
395151
395126
395130
395169
395102
395119
395144
395156
395115
395127
395109
395132
395047
395092
395031
394975
395098
395011
395131
395055
395148
395158
395060
394914
395129
395128
395041
395138
395150
395137
394939
395105
395067
395101
395062
395078
395133
395099
395033
395087
395025
395135
395068
394901
394936
395086
395123
395089
395026
395113
394949
395116
395051
395079
394921
395052
395054
394930
395108
395035
395095
394911
395114
395081
394966
395014
395091
395097
395100
395074
395082
395069
395084
395088
395006
395096
395094
395005
395085
395036
395030
395053
395083
395075
395077
395028
394926
395015
395064
395065
395061
394987
394880
395059
394983
395058
395032
395066
395020
395073
395056
395070
394968
394953
395037
394989
395057
395019
395044
394997
395022
394923
395063
395040
395002
395045
395046
394992
395039
395050
395007
395023
394999
395021
395034
394985
395048
394955
394931
394928
395027
395043
394920
394892
395042
394944
394974
395029
395013
394935
395010
394950
395016
394978
394954
394927
395004
394961
395018
394907
394980
395009
394893
394947
394998
394996
394945
395003
395001
394905
394924
394965
394994
394958
394971
394913
394970
394988
395008
394959
394993
394995
394979
394991
394969
394986
394984
394937
394952
394933
394982
394908
394981
394929
394963
394962
394922
394942
394973
394976
394946
394977
394917
394909
394925
394957
394919
394964
394943
394956
394948
394916
394940
394941
394938
394951
394890
394904
394932
394896
394889
394899
394877
394898
394918
394878
394906
394902
394910
394912
394900
394903
394915
394883
394897
394876
394881
394894
394885
394888
394895
394884
394886
394879
394887
394882
394891
394716
394715
394717
389998
389908
389990
389986
389925
389835
389913
389999
389965
390001
389779
389891
389973
389904
389926
389949
389971
389790
389968
389975
389954
389951
389944
389855
389961
389802
389898
390002
389754
389953
389899
389950
389970
389969
389890
389994
389985
389807
389914
389797
389991
389972
389962
389930
389996
389865
390000
389947
389989
389940
389964
389934
389856
389959
389936
389918
389818
389911
389933
389937
389851
389955
389915
389935
389958
389853
389967
389956
389880
389912
389932
389846
389900
389758
389888
389938
389841
389780
389819
389885
389905
389916
389923
389906
389749
389873
389895
389882
389875
389793
389909
389902
389878
389907
389845
389876
389839
389850
389859
389857
389801
389863
389751
389827
389847
389748
389871
389842
389773
389799
389821
389738
389831
389816
389836
389848
389777
389764
389803
389760
389791
389817
389806
389832
389719
389743
389825
389792
389820
389794
389823
389808
389713
389804
389776
389706
389691
389681
389774
389747
389805
389753
389778
389787
389785
389590
389543
389614
389786
389725
389739
389684
389688
389771
389716
389658
389775
389721
389616
389756
389661
389746
389752
389712
389704
389589
389737
389610
389740
389723
389686
389745
389720
389583
389638
389651
389643
389717
389538
389679
389689
389687
389650
389683
389652
389655
389607
389669
389636
389653
389672
389637
389613
389608
389690
389685
389580
389649
389646
389662
389606
389601
389656
389584
389657
389602
389663
389642
389579
389547
389647
389654
389591
389465
389545
389548
389598
389644
389645
389537
389605
389612
389540
389618
389599
389586
389595
389556
389576
389585
389592
389587
389536
389541
389549
389557
389554
389546
389544
389470
389542
389529
389534
389539
389551
389550
389530
389464
389467
389463
389474
389469
389466
389471
389472
389473
389468
385960
385959
385962
385958
385957
385952
385954
385949
385955
379201
379249
379389
379257
379288
379360
379299
379298
379315
379366
379241
379303
379392
379211
379364
379382
379342
379368
379384
379376
379291
379378
379248
379363
379391
379388
379370
379300
379386
379244
379357
379387
379377
379305
379385
379390
379320
379189
379351
379330
379375
379356
379338
379327
379349
379381
379283
379362
379352
379372
379271
379393
379374
379350
379367
379333
379277
379348
379383
379373
379335
379292
379369
379331
379359
379379
379339
379346
379278
379380
379365
379343
379302
379361
379371
379324
379326
379340
379347
379293
379353
379309
379245
379328
379355
379332
379246
379270
379358
379164
379341
379354
379336
379334
379323
379311
379218
379344
379310
379345
379295
379319
379251
379329
379287
379314
379262
379337
379268
379208
379317
379256
379318
379297
379325
379313
379307
379316
379312
379301
379276
379321
379217
379267
379275
379322
379266
379252
379294
379284
379216
379188
379306
379263
379279
379308
379304
379289
379296
379182
379148
379272
379285
379280
379237
379290
379274
379264
379281
379286
379214
379282
379242
379233
379150
379265
379229
379196
379255
379273
379258
379269
379261
379202
379250
379234
379260
379206
379239
379254
379220
379240
379243
379176
379253
379259
379224
379232
379223
379203
379209
379226
379183
379247
379222
379230
379238
379235
379171
379236
379161
379219
379204
379213
379227
379231
379175
379151
379228
379192
379210
379221
379174
379156
379205
379181
379198
379170
379215
379193
379191
379212
379190
379167
379207
379169
379194
379178
379142
379200
379199
379152
379197
379155
379163
379195
379186
379141
379165
379140
379172
379179
379187
379137
379180
379185
379184
379166
379153
379160
379159
379168
379135
379173
379158
379146
379149
379147
379162
379154
379157
379113
379136
379139
379138
379144
379143
379114
379123
379134
379125
379117
379115
379112
379119
379118
379116
379107
379110
379121
379111
379103
379109
379106
379108
379105
379093
379044
379020
378922
378988
378932
378835
378874
378919
378895
378865
378910
378808
378923
378864
378823
378927
378904
378760
378930
378931
378837
378861
378933
378929
378926
378914
378882
378934
378921
378928
378883
378804
378761
378875
378899
378924
378881
378892
378925
378788
378897
378893
378672
378894
378909
378870
378903
378869
378896
378900
378902
378901
378782
378872
378898
378873
378840
378706
378871
378841
378877
378842
378866
378809
378775
378854
378867
378794
378862
378868
378750
378810
378858
378746
378846
378839
378824
378844
378815
378843
378814
378845
378836
378786
378819
378779
378806
378793
378813
378816
378731
378812
378807
378822
378811
378789
378726
378791
378792
378790
378783
378805
378780
378785
378787
378769
378762
378764
378756
378781
378754
378755
378784
378759
378678
378772
378778
378777
378776
378682
378751
378712
378757
378742
378753
378703
378752
378728
378763
378765
378732
378758
378737
378725
378702
378745
378658
378679
378730
378649
378740
378729
378733
378677
378727
378701
378694
378671
378699
378669
378666
378667
378675
378676
378647
378674
378700
378602
378640
378673
378651
378670
378690
378643
378668
378574
378654
378571
378623
378635
378680
378653
378650
378645
378652
378655
378641
378639
378577
378634
378648
378644
378620
378642
378656
378646
378621
378563
378619
378579
378618
378575
378636
378638
378581
378591
378600
378596
378586
378597
378593
378590
378617
378604
378622
378601
378603
378616
378598
378605
378599
378585
378582
378567
378580
378573
378589
378588
378595
378561
378578
378583
378592
378576
378568
378587
378562
378569
378570
378566
378565
378564
378507
378508
376518
376476
374780
375233
375371
375365
375382
375373
375390
375424
375426
375433
375422
375413
375364
375389
375226
375384
375431
375346
375414
375420
375302
375421
375402
375367
375423
375341
375276
375418
375360
375409
375386
375300
375400
375219
375399
375370
375280
375225
375078
375416
375406
375221
375358
375427
375338
375428
375339
375425
375417
375342
375295
375412
375408
375419
375394
375379
375404
375349
375375
375398
375410
375129
375378
375407
375313
375401
375366
375363
375387
375397
375395
375388
375157
375393
375227
375380
375368
375287
375318
375239
375284
375354
375333
375336
375376
375362
375329
375345
375305
375330
375355
375343
375173
375344
375351
375322
375288
375347
375323
375334
375337
375289
375326
375316
375309
375335
375297
375324
375314
375331
375332
375258
375301
375328
375243
375292
375161
375308
375311
375290
375303
375310
375180
375299
375298
375259
375306
375291
375277
375167
375155
375264
375230
375283
375142
375102
375286
375266
375261
375285
375293
375242
375198
375206
375272
375278
375144
375271
375247
375260
375257
375274
375275
375217
375248
375254
375265
375251
375152
375253
375199
375188
374935
375107
375145
375169
375250
375249
375237
375202
375196
375236
375096
375234
375223
375229
375191
375212
375224
375166
375165
375201
375200
375136
375189
375154
375211
375020
375137
375147
375209
375172
375193
375106
375178
375186
375179
374954
375164
375177
375185
375176
375187
375174
375108
375171
375021
375132
374995
375158
375103
375159
375148
375138
375050
375153
374940
374999
375151
375046
375162
375146
374984
375082
375141
375118
375124
375133
375150
375109
375139
375095
375135
375140
375127
375080
374986
374803
375117
375084
375098
375114
375115
375081
374959
375121
375092
375091
375073
374962
375105
375071
374968
375047
375043
375099
375024
374931
375090
375083
375079
375025
375074
375054
375005
375057
374997
375039
375051
375028
375055
374993
375048
375053
375026
374942
374996
374943
375009
374971
374987
375022
374898
375027
375014
374974
374970
374998
374930
374985
374863
374926
374826
374991
374988
374967
374969
374961
374955
374934
374888
374953
374939
374941
374938
374830
374924
374936
374916
374928
374889
374772
374929
374882
374864
374913
374836
374870
374800
374901
374883
374831
374841
374874
374887
374862
374884
374854
374861
374805
374844
374842
374840
374846
374838
374835
374839
374833
374829
374834
374824
374820
374825
374823
374802
374807
374811
374810
374775
374809
374804
374788
374789
374781
374777
374773
374778
374771
373925
373944
373610
373917
373874
373895
373709
373888
373836
373724
373909
373928
373905
373922
373911
373929
373919
373927
373894
373918
373898
373829
373837
373858
373877
373935
373816
373921
373890
373798
373889
373924
373855
373885
373904
373908
373859
373902
373913
373916
373778
373782
373923
373838
373878
373872
373764
373893
373883
373915
373906
373900
373865
373551
373845
373887
373774
373901
373840
373892
373754
373891
373880
373875
373835
373813
373419
373758
373884
373870
373853
373824
373848
373867
373854
373804
373847
373868
373696
373856
373768
373823
373864
373796
373857
373849
373822
373827
373830
373699
373815
373767
373831
373842
373803
373747
373820
373665
373818
373811
373717
373726
373826
373797
373814
373783
373579
373791
373624
373749
373745
373807
373495
373788
373801
373773
373777
373707
373786
373810
373693
373805
372388
373799
373792
373789
373708
373800
373674
373787
373756
373776
373790
373793
373781
373772
373748
373690
373763
373762
373761
373737
373741
373775
373549
373769
373512
373750
373714
373736
373731
373751
373485
373729
373753
373715
373746
373728
373675
373685
373739
373719
373694
373727
373692
373700
373658
373718
373676
373702
373565
373701
373705
373712
373625
373620
373689
373638
373716
373431
373681
373695
373545
373683
373568
373539
373643
373703
373650
373661
373575
373698
373697
373670
373639
373691
373672
373687
373688
373678
373684
373677
373680
373653
373550
373608
373614
373657
373546
373601
373663
373637
373660
373671
373666
373651
373655
373662
373611
373591
373600
373580
373659
373607
373647
373434
373577
373585
373645
373648
373501
373631
373618
373540
373629
373617
373640
373626
373615
373603
373621
373612
373584
373553
373432
373556
373542
373622
373424
373508
373595
373592
373609
373605
373547
373596
373567
373459
373416
373573
373564
373538
373582
373590
373413
373587
373449
373560
373586
373457
373562
373418
373576
373570
373516
373557
373526
373530
373544
373519
373552
373554
373461
373548
373531
373450
373555
373533
373405
373541
373517
373536
373543
373527
373528
373535
373537
373507
373532
373497
373447
373480
373484
373525
373503
373513
373504
373489
373445
373465
373500
373491
373499
373487
373502
373506
373420
373486
373481
373448
373458
373490
373430
373456
373473
373469
373488
373471
373477
373467
373453
373446
373472
373470
373454
373452
373437
373444
373460
373439
373425
373441
373440
373438
373417
373426
373428
373442
373433
373429
373422
373402
373411
373414
373421
373423
373409
373404
373410
373415
373403
373387
373388
373000
372988
372981
372700
372996
372989
372987
372993
372999
372982
372991
372537
372501
372380
372563
372789
372760
372745
372797
372800
372737
372681
372735
372695
372766
372661
372794
372721
372765
372646
372795
372798
372763
372748
372750
372714
372791
372793
372671
372651
372773
372756
372741
372611
372769
372801
372796
372753
372696
372777
372788
372781
372786
372644
372780
372666
372478
372767
372783
372775
372525
372746
372761
372776
372749
372727
372739
372771
372733
372770
372744
372759
372719
372683
372650
372729
372754
372742
372743
372757
372660
372711
372379
372565
372722
372693
372642
372699
372675
372731
372716
372725
372736
372656
372730
372724
372701
372715
372738
372712
372704
372654
372521
372717
372581
372692
372676
372718
372702
372720
372707
372530
372687
372708
372703
372710
372713
372594
372677
372630
372705
372629
372670
372674
372609
372653
372641
372678
372672
372623
372645
372685
372684
372350
372679
372680
372595
372627
372669
372663
372483
372427
372667
372649
372658
372664
372608
372652
372617
372633
372647
372648
372659
372657
372655
372508
372626
372634
372593
372604
372582
372559
372618
372640
372639
372631
372583
372576
372477
372615
372624
372614
372577
372564
372605
372607
372602
372529
372601
372591
372596
372599
372573
372590
372516
372589
372523
372534
372553
372568
372545
372542
372549
372567
372490
372566
372510
372470
372560
372569
372561
372556
372548
372487
372535
372491
372451
372522
372507
372526
372504
372475
372539
372546
372538
372474
372509
372541
372540
372499
372472
372532
372517
372403
372514
372497
372432
372469
372513
372467
372465
372520
372500
372482
372450
372512
372461
372422
372480
372505
372494
372511
372462
372407
372402
372473
372498
372315
372486
372484
372453
372479
372476
372463
372471
372481
372439
372446
372449
372435
372406
372334
372457
372389
372460
372456
372447
372381
372292
372404
372441
372445
372442
372436
372438
372420
372428
372444
372383
372433
372424
372417
372431
372425
372337
372419
372318
372418
372398
372414
372416
372290
372429
372413
372351
372307
372397
372320
372391
372394
372274
372410
372408
372346
372362
372365
372400
372322
372366
372316
372385
372330
372392
372360
372382
372325
372357
372336
372348
372386
372343
372356
372313
372367
372361
372267
372296
372355
372364
372333
372358
372344
372347
372309
372287
372310
372300
372339
372304
372285
372323
372311
372326
372341
372281
372268
372324
372331
372297
372312
372327
372301
372277
372305
372294
372283
372299
372284
372286
372278
372289
372279
372266
372282
372261
372272
372271
371200
371229
371216
371073
371165
371065
371011
371077
371207
371156
371234
371243
371227
371251
371128
371182
371205
371226
371098
371257
371253
371180
371174
371220
371259
371225
371250
371244
371256
371104
371137
371007
371181
371245
371212
371240
371210
371246
371211
371186
371247
371252
371106
371208
371241
371159
371178
371213
371176
371223
371224
371105
371175
371201
371117
371191
371161
371039
371209
371204
371049
371219
371215
371177
371146
371193
371172
371171
371202
371168
371167
371134
371149
371096
371183
371111
371160
371166
371157
371100
371145
371139
371163
371164
371153
371154
371148
371147
370897
371162
371125
371034
371131
371032
371120
371062
371075
371121
371095
371124
371129
371132
371097
371114
371107
371130
371078
371008
371115
371101
371059
370873
371012
371071
371103
371081
371094
371044
371068
371026
371092
371082
371050
371076
371057
370805
371085
371028
370963
371079
370989
371074
371080
370933
370970
370934
371046
371031
371030
371048
371063
370887
371033
371005
371064
371054
370976
370950
371023
370994
371024
371037
371022
370946
370914
371000
370861
371015
370932
370969
371029
370858
371004
370983
371001
370808
370992
370876
371018
370944
371016
371002
370936
370670
371009
370995
370955
370972
370973
370833
370893
370953
370968
370962
370836
370952
370870
370919
370937
370912
370892
370964
370966
370935
370960
370961
370920
370954
370871
370956
370849
370909
370941
370902
370921
370943
370749
370863
370929
370622
370915
370926
370834
370913
370917
370895
370922
370726
370807
370872
370900
370888
370903
370845
370907
370824
370821
370868
370905
370752
370831
370817
370696
370735
370848
370772
370869
370716
370725
370843
370865
370810
370854
370766
370862
370812
370734
370859
370850
370806
370846
370851
370839
370648
370822
370847
370832
370842
370819
370742
370844
370816
370785
370778
370825
370823
370815
370820
370818
370767
370738
370755
370771
370733
370770
370783
370773
370776
370753
370758
370769
370774
370693
370729
370754
370744
370759
370751
370748
370740
370756
370745
370730
370723
370665
370669
370718
370727
370683
370646
370608
370673
370644
370668
370697
370714
370698
370702
370684
370662
370624
370614
370632
370687
370656
370655
370691
370629
370672
370652
370638
370628
370633
370663
370584
370658
370645
370643
370657
370611
370599
370651
370631
370649
370639
370635
370641
370618
370620
370589
370619
370590
370610
370583
370600
370616
370615
370613
370586
370595
370587
370603
370602
370592
370582
370558
370556
370540
370466
370463
370276
368233
368229
368243
368244
368222
368238
368232
368240
368225
368236
368231
368241
368011
368000
368008
368010
368004
367997
367996
367994
368007
368012
368001
368005
367857
367853
367854
367852
367862
367867
367851
367865
367864
367863
367855
367859
367781
367772
367792
367790
367780
367788
367773
367779
367775
367783
367776
367793
367128
367130
367127
367122
367032
367031
367034
367030
366729
366716
366820
366903
366765
366740
366690
366754
366885
366906
366850
366814
366908
366577
366772
366857
366738
366838
366889
366891
366733
366912
366871
366845
366904
366870
366873
366856
366786
366905
366811
366910
366909
366719
366896
366835
366892
366884
366832
366897
366893
366851
366861
366894
366778
366888
366853
366878
366887
366823
366863
366812
366879
366852
366813
366874
366859
366837
366847
366755
366805
366858
366777
366867
366800
366828
366854
366834
366848
366844
366830
366732
366840
366792
366829
366745
366836
366842
366776
366794
366791
366843
366822
366819
366804
366827
366841
366650
366628
366817
366825
366801
366831
366808
366810
366612
366741
366824
366803
366807
366749
366815
366790
366809
366821
366715
366665
366616
366797
366784
366656
366787
366762
366799
366747
366768
366700
366798
366788
366781
366705
366579
366721
366771
366758
366730
366783
366782
366773
366751
366785
366779
366760
366767
366735
366746
366688
366673
366660
366766
366736
366769
366694
366698
366707
366699
366483
366588
366668
366724
366680
366713
366743
366737
366722
366609
366720
366726
366693
366725
366718
366703
366564
366662
366710
366727
366697
366508
366603
366617
366708
366619
366687
366711
366679
366701
366638
366583
366706
366663
366582
366666
366677
366686
366671
366689
366589
366587
366670
366683
366624
366648
366424
366675
366641
366681
366659
366664
366676
366627
366604
366636
366653
366633
366654
366657
366652
366614
366658
366625
366630
366629
366644
366525
366642
366602
366635
366526
366622
366634
366595
366592
366626
366639
366600
366623
366621
366610
366637
366565
366607
366546
366553
366534
366487
366567
366585
366594
366618
366608
366548
366563
366613
366571
366598
366573
366502
366586
366550
366593
366542
366596
366569
366484
366556
366590
366599
366509
366568
366517
366591
366555
366528
366539
366501
366495
366454
366453
366549
366566
366412
366514
366433
366547
366558
366518
366519
366561
366529
366536
366562
366496
366414
366543
366523
366460
366428
366554
366478
366541
366504
366461
366513
366448
366540
366516
366479
366449
366445
366419
366532
366505
366510
366464
366451
366512
366520
366422
366498
366503
366452
366497
366493
366462
366494
366393
366458
366485
366488
366444
366455
366477
366473
366469
366486
366489
366425
366463
366465
366470
366435
366467
366443
366439
366450
366472
366407
366441
366442
366403
366408
366436
366418
366432
366434
366410
366423
366421
366426
366396
366427
366415
366402
366416
366395
366401
366404
366400
365904
365873
365879
365721
365933
365645
365937
365927
365929
365923
365622
365686
365856
365723
365867
365829
365855
365720
365917
365820
365798
365911
365812
365939
365916
365910
365905
365822
365902
365934
365758
365709
365866
365936
365935
365924
365920
365915
365857
365932
365851
365928
365908
365909
365886
365897
365884
365813
365828
365901
365922
365895
365889
365918
365891
365899
365858
365888
365903
365864
365898
365887
365874
365896
365821
365875
365892
365870
365893
365876
365823
365880
365885
365671
365844
365663
365751
365872
365825
365845
365777
365819
365863
365832
365854
365878
365869
365849
365836
365865
365745
365773
365850
365861
365852
365839
365853
365846
365817
365860
365827
365826
365630
365809
365833
365635
365818
365848
365840
365734
365842
365692
365802
365841
365815
365760
365837
365838
365814
365761
365799
365770
365735
365816
365808
365824
365757
365797
365811
365588
365788
365772
365801
365789
365768
365805
365800
365763
365755
365717
365458
365787
365786
365783
365718
365716
365794
365759
365791
365795
365785
365781
365740
365764
365494
365752
365754
365762
365682
365689
365767
365730
365711
365753
365765
365766
365670
365739
365749
365750
365724
365732
365609
365676
365639
365725
365707
365726
365743
365666
365582
365737
365741
365728
365736
365705
365727
365733
365731
365634
365694
365596
365729
365680
365687
365708
365713
365715
365719
365653
365665
365475
365703
365685
365691
365644
365702
365697
365688
365593
365684
365629
365587
365668
365669
365675
365664
365681
365632
365581
365637
365492
365656
365626
365662
365553
365612
365659
365617
365655
365559
365631
365580
365657
365566
365652
365633
365563
365618
365623
365627
365586
365638
365598
365599
365619
365636
365542
365569
365628
365448
365608
365597
365607
365620
365616
365621
365624
365595
365610
365602
365613
365600
365605
365461
365591
365554
365503
365552
365590
365570
365545
365551
365558
365578
365415
365466
365507
365546
365434
365534
365464
365572
365555
365556
365541
365564
365431
365560
365535
365501
365467
365435
365547
365557
365508
365446
365516
365549
365537
365533
365536
365483
365478
365487
365474
365445
365460
365505
365462
365469
365457
365495
365502
365493
365451
365484
365510
365444
365500
365441
365463
365480
365499
365449
365468
365498
365442
365450
365497
365489
365455
365410
365486
365438
365423
365417
365456
365409
365473
365459
365470
365425
365454
365465
365432
365421
365440
365453
365439
365416
365413
365443
365429
365433
365426
365427
365411
364459
364708
364706
364705
364465
364453
364612
364462
364457
364618
364614
364617
364405
364429
364493
364421
364474
364454
364470
364487
364441
364458
364499
364497
364505
364504
364480
364452
364443
364448
364431
364485
364479
364481
364468
364495
364498
364491
364488
364435
364460
364433
364482
364401
364444
364466
364472
364486
364476
364439
364446
364449
364434
364445
364418
364323
364403
364436
364456
364423
364451
364392
364348
364430
364414
364440
364432
364424
364442
364389
364422
364416
364415
364411
364382
364350
364412
364364
364370
364398
364404
364368
364395
364378
364388
364376
364342
364396
364331
364330
364386
364341
364312
364353
364371
364359
364372
364363
364346
364345
364302
364349
364304
364328
364332
364314
364320
364334
364303
364313
364305
364322
364335
364324
364327
364301
364325
364287
364292
364306
364326
364319
364310
364315
364291
364299
364307
364293
364286
364283
364288
364282
364279
364277
364281
364231
364232
358969
354233
354228
354229
354230
354064
354077
354061
354063
354062
354067
354071
324153
324166
324156
324157
324160
324154
324163
324165
324158
324155
324162
324167
324021
317186
317181
317187
317170
310159
310155
237738
